40
-9.000000
-0.000000
0.000000
-2.781153
-8.559508
0.000000
-2.427051
1.763356
0.000000
-2.427051
-1.763356
0.000000
0.927051
-2.853169
0.000000
4.000000
0.000000
0.100000
0.927051
2.853169
0.100000
-2.427051
1.763356
0.100000
-3.236068
-2.351141
0.100000
1.236068
-3.804226
0.100000
3.000000
0.000000
0.200000
0.927051
2.853169
0.200000
-2.427051
1.763356
0.200000
-3.236068
-2.351141
0.200000
0.927051
-2.853169
0.200000
3.000000
0.000000
0.300000
0.927051
2.853169
0.300000
-2.427051
1.763356
0.300000
-2.427051
-1.763356
0.300000
0.927051
-2.853169
0.300000
3.000000
0.000000
0.400000
0.927051
2.853169
0.400000
-2.427051
1.763356
0.400000
-3.236068
-2.351141
0.400000
0.927051
-2.853169
0.400000
3.000000
0.000000
0.500000
0.927051
2.853169
0.500000
-3.236068
2.351141
0.500000
-3.236068
-2.351141
0.500000
0.927051
-2.853169
0.500000
3.000000
0.000000
0.600000
1.236068
3.804226
0.600000
-2.427051
1.763356
0.600000
-2.427051
-1.763356
0.600000
0.927051
-2.853169
0.600000
4.000000
0.000000
0.700000
0.927051
2.853169
0.700000
-2.427051
1.763356
0.700000
-2.427051
-1.763356
0.700000
1.236068
-3.804226
0.700000
4.000000
0.000000
0.800000
0.927051
2.853169
0.800000
-2.427051
1.763356
0.800000
-2.427051
-1.763356
0.800000
1.236068
-3.804226
0.800000
3.000000
0.000000
0.900000
0.927051
2.853169
0.900000
-2.427051
1.763356
0.900000
-3.236068
-2.351141
0.900000
0.927051
-2.853169
0.900000
3.000000
0.000000
1.000000
1.236068
3.804226
1.000000
-3.236068
2.351141
1.000000
-2.427051
-1.763356
1.000000
0.927051
-2.853169
1.000000
3.000000
0.000000
1.100000
1.236068
3.804226
1.100000
-2.427051
1.763356
1.100000
-2.427051
-1.763356
1.100000
0.927051
-2.853169
1.100000
4.000000
0.000000
1.200000
0.927051
2.853169
1.200000
-2.427051
1.763356
1.200000
-2.427051
-1.763356
1.200000
0.927051
-2.853169
1.200000
3.000000
0.000000
1.300000
0.927051
2.853169
1.300000
-3.236068
2.351141
1.300000
-4.045085
-2.938926
1.300000
0.927051
-2.853169
1.300000
3.000000
0.000000
1.400000
0.927051
2.853169
1.400000
-2.427051
1.763356
1.400000
-2.427051
-1.763356
1.400000
0.927051
-2.853169
1.400000
3.000000
0.000000
1.500000
0.927051
2.853169
1.500000
-2.427051
1.763356
1.500000
-3.236068
-2.351141
1.500000
0.927051
-2.853169
1.500000
3.000000
0.000000
1.600000
0.927051
2.853169
1.600000
-3.236068
2.351141
1.600000
-2.427051
-1.763356
1.600000
0.927051
-2.853169
1.600000
3.000000
0.000000
1.700000
1.236068
3.804226
1.700000
-3.236068
2.351141
1.700000
-3.236068
-2.351141
1.700000
0.927051
-2.853169
1.700000
4.000000
0.000000
1.800000
0.927051
2.853169
1.800000
-2.427051
1.763356
1.800000
-2.427051
-1.763356
1.800000
1.236068
-3.804226
1.800000
3.000000
0.000000
1.900000
0.927051
2.853169
1.900000
-2.427051
1.763356
1.900000
-3.236068
-2.351141
1.900000
1.236068
-3.804226
1.900000
3.000000
0.000000
2.000000
0.927051
2.853169
2.000000
-2.427051
1.763356
2.000000
-3.236068
-2.351141
2.000000
1.236068
-3.804226
2.000000
3.000000
0.000000
2.100000
0.927051
2.853169
2.100000
-3.236068
2.351141
2.100000
-3.236068
-2.351141
2.100000
0.927051
-2.853169
2.100000
3.000000
0.000000
2.200000
1.236068
3.804226
2.200000
-2.427051
1.763356
2.200000
-2.427051
-1.763356
2.200000
0.927051
-2.853169
2.200000
4.000000
0.000000
2.300000
1.236068
3.804226
2.300000
-2.427051
1.763356
2.300000
-3.236068
-2.351141
2.300000
0.927051
-2.853169
2.300000
4.000000
0.000000
2.400000
0.927051
2.853169
2.400000
-2.427051
1.763356
2.400000
-2.427051
-1.763356
2.400000
0.927051
-2.853169
2.400000
4.000000
0.000000
2.500000
0.927051
2.853169
2.500000
-2.427051
1.763356
2.500000
-3.236068
-2.351141
2.500000
0.927051
-2.853169
2.500000
3.000000
0.000000
2.600000
0.927051
2.853169
2.600000
-2.427051
1.763356
2.600000
-2.427051
-1.763356
2.600000
0.927051
-2.853169
2.600000
3.000000
0.000000
2.700000
0.927051
2.853169
2.700000
-3.236068
2.351141
2.700000
-2.427051
-1.763356
2.700000
0.927051
-2.853169
2.700000
3.000000
0.000000
2.800000
1.545085
4.755282
2.800000
-2.427051
1.763356
2.800000
-2.427051
-1.763356
2.800000
0.927051
-2.853169
2.800000
4.000000
0.000000
2.900000
1.236068
3.804226
2.900000
-2.427051
1.763356
2.900000
-3.236068
-2.351141
2.900000
1.236068
-3.804226
2.900000
3.000000
0.000000
3.000000
0.927051
2.853169
3.000000
-2.427051
1.763356
3.000000
-3.236068
-2.351141
3.000000
1.236068
-3.804226
3.000000
3.000000
0.000000
3.100000
0.927051
2.853169
3.100000
-2.427051
1.763356
3.100000
-3.236068
-2.351141
3.100000
1.236068
-3.804226
3.100000
3.000000
0.000000
3.200000
0.927051
2.853169
3.200000
-3.236068
2.351141
3.200000
-3.236068
-2.351141
3.200000
0.927051
-2.853169
3.200000
3.000000
0.000000
3.300000
0.927051
2.853169
3.300000
-3.236068
2.351141
3.300000
-3.236068
-2.351141
3.300000
1.236068
-3.804226
3.300000
4.000000
0.000000
3.400000
1.236068
3.804226
3.400000
-2.427051
1.763356
3.400000
-2.427051
-1.763356
3.400000
0.927051
-2.853169
3.400000
4.000000
0.000000
3.500000
0.927051
2.853169
3.500000
-2.427051
1.763356
3.500000
-2.427051
-1.763356
3.500000
1.545085
-4.755282
3.500000
3.000000
0.000000
3.600000
0.927051
2.853169
3.600000
-2.427051
1.763356
3.600000
-3.236068
-2.351141
3.600000
1.236068
-3.804226
3.600000
3.000000
0.000000
3.700000
0.927051
2.853169
3.700000
-2.427051
1.763356
3.700000
-3.236068
-2.351141
3.700000
0.927051
-2.853169
3.700000
3.000000
0.000000
3.800000
1.236068
3.804226
3.800000
-3.236068
2.351141
3.800000
-2.427051
-1.763356
3.800000
0.927051
-2.853169
3.800000
3.000000
0.000000
3.900000
1.236068
3.804226
3.900000
-2.427051
1.763356
3.900000
-2.427051
-1.763356
3.900000
0.927051
-2.853169
3.900000
4.000000
0.000000
4.000000
0.927051
2.853169
4.000000
-2.427051
1.763356
4.000000
-2.427051
-1.763356
4.000000
0.927051
-2.853169
4.000000
4.000000
0.000000
4.100000
0.927051
2.853169
4.100000
-2.427051
1.763356
4.100000
-3.236068
-2.351141
4.100000
0.927051
-2.853169
4.100000
3.000000
0.000000
4.200000
0.927051
2.853169
4.200000
-3.236068
2.351141
4.200000
-3.236068
-2.351141
4.200000
0.927051
-2.853169
4.200000
3.000000
0.000000
4.300000
0.927051
2.853169
4.300000
-3.236068
2.351141
4.300000
-2.427051
-1.763356
4.300000
0.927051
-2.853169
4.300000
3.000000
0.000000
4.400000
1.236068
3.804226
4.400000
-3.236068
2.351141
4.400000
-2.427051
-1.763356
4.400000
0.927051
-2.853169
4.400000
3.000000
0.000000
4.500000
1.236068
3.804226
4.500000
-2.427051
1.763356
4.500000
-3.236068
-2.351141
4.500000
1.236068
-3.804226
4.500000
4.000000
0.000000
4.600000
0.927051
2.853169
4.600000
-2.427051
1.763356
4.600000
-3.236068
-2.351141
4.600000
1.236068
-3.804226
4.600000
