5
47
47
47
462
462
462
480
461
462
469
479
459
462
461
486
460
462
459
458
459
464
461
460
459
469
461
460
460
478
470
459
458
466
460
459
459
473
461
459
459
492
466
460
459
456
470
461
459
458
475
461
460
479
469
461
460
458
479
459
461
459
485
459
463
463
458
459
464
475
503
461
462
463
456
459
463
461
460
463
467
461
459
460
473
463
460
460
493
466
469
461
471
463
460
460
482
465
460
460
475
470
462
459
460
479
466
459
460
481
471
459
460
475
464
459
459
490
467
461
479
456
473
463
461
460
460
467
462
459
480
463
461
459
460
465
461
459
459
471
462
460
460
497
464
461
460
478
470
463
470
479
464
461
459
489
467
462
459
458
476
466
460
460
487
468
459
461
457
475
471
475
493
468
462
464
458
470
457
457
457
499
457
458
458
471
470
459
457
457
468
458
457
486
466
459
457
454
476
461
458
457
487
465
461
457
454
471
460
457
488
463
459
457
472
467
459
457
456
477
461
457
457
479
466
457
457
456
473
456
467
492
467
457
457
468
467
